9
207
93
219
82
142
0
203
214
60
180
149
80
222
89
252
20
103
36
38
194
156
225
64
133
158
24
129
185
13
90
118
72
58
161
125
168
195
217
63
183
232
16
142
140
8
3
108
82
154
240
169
198
177
96
96
193
220
241
251
177
28
28
91
54
167
236
58
239
162
116
14
115
108
99
133
164
200
196
71
55
74
131
186
232
19
196
211
11
149
100
156
39
208
181
151
251
138
204
66
92
28
164
5
255
248
179
194
53
137
157
64
106
187
69
117
77
23
30
38
146
3
9
219
151
218
36
220
207
20
205
169
216
86
15
23
71
213
129
84
182
41
190
169
8
220
237
52
210
172
6
90
181
149
227
218
113
217
22
64
160
139
224
7
186
52
18
123
170
76
169
159
42
98
93
69
39
107
132
43
203
64
42
124
137
117
100
231
236
120
250
161
85
55
227
35
199
18
53
14
207
118
81
119
59
173
216
185
58
41
145
11
66
247
47
124
150
92
99
177
167
116
166
25
44
191
97
116
0
146
125
89
93
191
216
158
131
254
157
236
34
167
11
86
252
255
108
247
58
200
157
33
98
202
97
228
115
188
233
15
243
131
220
98
120
93
57
45
16
3
213
132
82
191
217
214
169
244
97
217
234
169
224
124
173
87
137
22
152
79
199
232
36
107
106
249
180
254
127
250
157
101
51
58
85
125
169
245
28
179
16
143
38
136
243
110
127
244
133
253
119
131
222
215
60
183
54
162
109
17
16
174
172
157
77
97
22
174
134
143
232
60
249
218
179
74
94
87
169
215
179
199
231
66
200
155
155
80
161
185
170
7
35
82
251
191
12
126
167
215
248
242
127
210
16
158
240
112
122
164
20
144
157
49
126
192
42
198
50
209
151
46
73
175
122
40
100
111
233
132
49
141
96
29
205
188
219
206
178
138
235
30
101
15
92
98
166
234
161
90
99
247
50
213
233
58
250
223
26
135
169
84
86
173
124
11
172
214
31
189
149
39
211
22
86
246
8
130
14
240
85
59
86
222
54
176
74
177
120
102
158
34
35
246
34
208
204
200
13
204
111
228
193
188
170
29
87
205
152
37
238
172
57
246
28
223
38
23
94
101
48
217
20
133
247
176
188
58
152
101
90
89
27
53
87
40
220
31
216
107
149
14
132
161
214
12
74
191
47
132
231
140
66
132
30
214
199
182
79
28
104
18
50
63
16
166
56
172
42
144
201
153
159
27
163
3
103
153
209
20
158
238
56
142
252
141
201
100
210
155
12
255
228
65
123
92
88
143
40
182
143
215
63
85
189
93
19
134
171
218
180
134
130
143
99
182
252
119
65
178
77
240
151
72
58
140
187
196
47
129
109
89
186
129
55
76
45
35
17
1
100
215
234
151
123
137
74
120
87
140
123
52
233
216
106
165
241
96
8
43
106
148
66
6
81
87
69
173
245
155
115
131
179
116
169
24
80
90
141
252
174
107
177
156
19
130
218
47
1
226
151
33
49
149
155
166
137
177
222
225
96
230
74
235
76
228
140
170
144
236
34
233
0
238
234
226
176
89
131
93
176
249
97
237
27
65
172
115
95
155
198
29
95
56
89
145
75
45
3
136
202
142
189
121
172
95
145
154
186
146
160
225
139
40
49
168
146
217
96
126
188
250
244
184
106
83
163
0
161
208
122
61
158
200
154
170
167
138
36
60
222
255
188
94
159
34
63
19
196
36
218
115
80
136
88
201
69
82
200
18
43
22
33
74
19
168
4
238
110
196
191
99
87
55