Scaling Factor: 1024
Weights:
Neuron 0:
-248
-258
-5
-399
79
-199
-99
-136
-31
193
-229
-4
152
238
-215
-171
-110
-447
-67
-281
-40
46
40
45
38
254
159
154
153
-68
108
-132
-83
-214
-225
-340
-388
42
-396
-160
26
63
-48
-182
-322
70
-117
173
46
-56
111
187
-156
-8
-207
187
82
265
62
28
9
-136
121
-18
Neuron 1:
97
-261
164
210
-107
28
-142
-9
-186
-151
-90
-283
-149
-175
-111
450
51
187
-139
-107
243
-199
-149
-225
87
104
83
-33
-65
174
-245
99
25
-299
228
-7
200
82
-50
-203
151
-18
-44
6
29
26
-26
-116
111
-164
11
-177
96
135
-141
305
-313
-112
169
170
329
24
-209
199
Neuron 2:
20
-200
-376
-126
152
176
-200
-124
-234
-39
-46
-192
-66
88
209
-31
271
-26
68
32
367
-230
75
57
50
-72
-61
-221
186
74
-2
-216
151
-10
-114
-59
-381
-295
234
136
41
-123
59
-54
57
182
280
69
-122
-246
-54
51
-45
-31
104
-138
-253
84
-347
-113
70
108
155
96
Neuron 3:
-366
-210
-162
198
-174
-132
229
8
140
-229
249
65
106
-130
-352
-110
-158
-200
-155
85
-278
-193
-104
208
-71
-282
-233
-185
129
18
-85
-115
41
-8
-24
79
-379
207
-162
67
205
69
-174
-38
223
61
-109
-26
-17
31
80
64
-117
106
-185
-224
-75
-220
122
-464
-483
82
-44
-61
Neuron 4:
109
140
-204
-80
-180
-129
221
190
147
50
-296
14
-23
-68
265
-93
290
-159
-147
-45
17
115
52
-186
28
118
89
-300
-371
147
97
144
-195
38
292
-233
-156
12
-81
123
-362
-273
102
12
0
-5
-172
-246
-51
182
-261
-362
-100
10
154
-234
-229
21
56
43
282
-319
-133
99
Neuron 5:
47
67
-32
132
-179
-84
176
-127
-50
-100
114
-47
-150
-176
3
-27
46
335
-219
185
55
-43
-30
-22
89
-107
114
227
-207
-165
159
-253
18
199
49
291
184
-10
-114
-85
204
-15
-336
-188
16
-235
-113
157
-421
-80
148
86
-92
-437
307
239
184
-301
134
98
-316
-79
-63
-274
Neuron 6:
224
-134
272
-163
204
218
-194
-294
154
18
-110
10
-57
77
17
-207
148
-133
-94
-288
5
75
28
-323
-96
-281
-5
255
-353
138
-41
-232
23
-251
202
-249
-8
39
156
45
-92
-211
-316
115
-216
16
-132
99
-1
-123
50
-105
-349
-224
-227
-48
244
222
157
-32
-121
-225
-99
-314
Neuron 7:
-130
-98
-68
39
-263
0
155
105
-202
-335
-84
122
110
138
263
-719
-216
304
187
-159
63
84
-157
40
51
-31
-106
-123
128
160
-12
-32
-241
-176
-240
120
-185
-252
278
-106
-5
72
30
-125
-43
-85
-75
-169
170
84
-363
-23
212
201
-230
214
29
-492
-52
-47
302
-111
235
62
Neuron 8:
136
-35
-160
11
-69
169
-108
114
-123
85
-94
132
-302
-210
-350
-179
-365
-187
-48
50
-532
179
-153
120
-106
-173
157
-43
-171
177
107
-27
183
-111
-250
-68
-50
132
64
156
-109
151
45
118
-165
-217
162
187
-143
-14
214
-104
5
-19
-211
-443
-142
-276
-255
55
-156
103
-218
-56
Neuron 9:
-199
94
-240
-241
-89
-426
-283
201
209
-115
-164
63
59
89
-174
-59
-213
-281
28
154
-180
0
2
-123
-81
256
-305
74
-79
-398
179
167
-103
18
-121
-116
187
-109
-309
-195
90
254
149
0
128
-240
-327
-125
208
48
-110
0
-21
-319
-101
-359
-237
-104
177
130
-229
141
-138
42
